msd_param = struct();

msd_param.k_spring = 1;
msd_param.b_damper = 1;
msd_param.m_kg     = 1;

Kp = 2.0878469575047;
Ki = 1.1899891295634;
Kd = 0.909872512100581;
N = 182;